id,name
TX3LPaxmHKxFdv7VOQHJ,Liam
Xb7hH8MSUJpSbSDYk0k2,Alice
cgSgspJ2msm6clMCkdW9,Jessica
nPczCjzI2devNBz1zQrb,Brian
pFZP5JQG7iQjIQuC4Bku,Lily
bIHbv24MWmeRgasZH58o,Will
JBFqnCBsd6RMkjVDRZzb,George
